
   # PLAYER                                            :  RATING  ERROR  POINTS  PLAYED   (%)  CFS(%)    W    D    L  D(%)
   1 1000_10000bs2048lr0.1d0.001e5                     :   588.7   67.6   291.0     400    73     100  273   36   91     9
   2 900_9000bs2048lr0.1d0.001e5                       :   513.8   59.6   319.0     500    64     100  287   64  149    13
   3 800_8000bs2048lr0.1d0.001e4                       :   412.3   52.8   307.0     600    51      81  273   68  259    11
   4 700_7000bs2048lr0.1d0.001e4                       :   397.6   56.6   361.0     700    52     100  321   80  299    11
   5 500_5000bs2048lr0.1d0.001e4                       :   329.5   50.1   396.0     800    50      75  344  104  352    13
   6 600_6000bs2048lr0.1d0.001e4                       :   318.4   54.2   340.0     800    43      98  296   88  416    11
   7 450_4500bs2048lr0.1d0.001e4                       :   283.6   48.7   379.5     800    47      83  330   99  371    12
   8 400_4000bs2048lr0.1d0.001e4                       :   269.1   45.8   391.5     800    49      93  354   75  371     9
   9 300_3000bs2048lr0.1d0.001e4                       :   246.3   46.4   416.0     800    52      75  374   84  342    11
  10 350_3500bs2048lr0.1d0.001e5                       :   236.2   48.0   376.0     800    47      92  334   84  382    11
  11 250_2500bs2048lr0.1d0.001e4                       :   211.4   42.0   415.5     800    52      55  362  107  331    13
  12 from00000_150_1500bs2048lr0.1d0.001e3             :   208.9   41.2   331.5     600    55      81  297   69  234    12
  13 scr_dl_200_2000bs2048lr0.1d0.001e3                :   194.2   37.6   357.0     700    51     100  326   62  312     9
  14 newplane_from00000_100_1000bs2048lr0.1d0.001e3    :   121.4   41.5   214.5     500    43     100  178   73  249    15
  15 00000                                             :     0.0   ----   104.5     400    26     ---   86   37  277     9

White advantage = 1.29 +/- 4.74
Draw rate (equal opponents) = 11.85 % +/- 0.47

