
   # PLAYER                                            :  RATING  ERROR  POINTS  PLAYED   (%)  CFS(%)    W    D    L  D(%)
   1 Felix                                             :   747.3  216.2    20.5      24    85      92   19    3    2    13
   2 1000_10000bs2048lr0.1d0.001e5                     :   587.7   64.2   293.0     408    72     100  275   36   97     9
   3 900_9000bs2048lr0.1d0.001e5                       :   513.4   56.2   319.0     500    64     100  287   64  149    13
   4 800_8000bs2048lr0.1d0.001e4                       :   412.0   57.9   307.0     600    51      79  273   68  259    11
   5 700_7000bs2048lr0.1d0.001e4                       :   397.3   52.5   361.0     700    52     100  321   80  299    11
   6 500_5000bs2048lr0.1d0.001e4                       :   329.2   52.5   396.5     808    49      74  344  105  359    13
   7 600_6000bs2048lr0.1d0.001e4                       :   318.2   53.5   340.0     800    43      99  296   88  416    11
   8 450_4500bs2048lr0.1d0.001e4                       :   283.9   51.7   380.5     808    47      81  330  101  377    13
   9 400_4000bs2048lr0.1d0.001e4                       :   269.1   47.4   391.5     800    49      92  354   75  371     9
  10 300_3000bs2048lr0.1d0.001e4                       :   246.3   52.6   416.0     800    52      75  374   84  342    11
  11 350_3500bs2048lr0.1d0.001e5                       :   236.1   51.8   376.0     800    47      95  334   84  382    11
  12 250_2500bs2048lr0.1d0.001e4                       :   211.4   42.9   415.5     800    52      56  362  107  331    13
  13 from00000_150_1500bs2048lr0.1d0.001e3             :   208.9   42.6   331.5     600    55      84  297   69  234    12
  14 scr_dl_200_2000bs2048lr0.1d0.001e3                :   194.2   43.0   357.0     700    51     100  326   62  312     9
  15 newplane_from00000_100_1000bs2048lr0.1d0.001e3    :   121.3   45.4   214.5     500    43     100  178   73  249    15
  16 00000                                             :     0.0   ----   104.5     400    26     ---   86   37  277     9

White advantage = 1.36 +/- 4.91
Draw rate (equal opponents) = 11.87 % +/- 0.48

