
   # PLAYER                                            :  RATING  ERROR  POINTS  PLAYED   (%)  CFS(%)    W    D    L  D(%)
   1 1000_10000bs2048lr0.1d0.001e5                     :   587.4   59.2   341.5     500    68      69  313   57  130    11
   2 1100_11000bs2048lr0.1d0.001e5                     :   577.0   63.4   252.5     400    63     100  222   61  117    15
   3 900_9000bs2048lr0.1d0.001e5                       :   516.3   59.1   362.0     600    60     100  321   82  197    14
   4 800_8000bs2048lr0.1d0.001e4                       :   415.4   53.6   338.0     700    48      87  298   80  322    11
   5 700_7000bs2048lr0.1d0.001e4                       :   394.9   49.6   384.0     800    48     100  339   90  371    11
   6 500_5000bs2048lr0.1d0.001e4                       :   329.8   51.4   396.0     800    50      73  344  104  352    13
   7 600_6000bs2048lr0.1d0.001e4                       :   318.7   52.8   340.0     800    43      97  296   88  416    11
   8 450_4500bs2048lr0.1d0.001e4                       :   283.7   47.3   379.5     800    47      81  330   99  371    12
   9 400_4000bs2048lr0.1d0.001e4                       :   268.9   45.5   391.5     800    49      94  354   75  371     9
  10 300_3000bs2048lr0.1d0.001e4                       :   246.3   45.1   416.0     800    52      74  374   84  342    11
  11 350_3500bs2048lr0.1d0.001e5                       :   236.2   46.7   376.0     800    47      95  334   84  382    11
  12 250_2500bs2048lr0.1d0.001e4                       :   211.4   40.8   415.5     800    52      56  362  107  331    13
  13 from00000_150_1500bs2048lr0.1d0.001e3             :   208.9   41.4   331.5     600    55      79  297   69  234    12
  14 scr_dl_200_2000bs2048lr0.1d0.001e3                :   194.2   43.1   357.0     700    51     100  326   62  312     9
  15 newplane_from00000_100_1000bs2048lr0.1d0.001e3    :   121.4   42.0   214.5     500    43     100  178   73  249    15
  16 00000                                             :     0.0   ----   104.5     400    26     ---   86   37  277     9

White advantage = -0.56 +/- 4.89
Draw rate (equal opponents) = 12.18 % +/- 0.49

