
   # PLAYER                                            :  RATING  ERROR  POINTS  PLAYED   (%)  CFS(%)    W    D    L  D(%)
   1 1200_12000bs2048lr0.1d0.001e5                     :   607.3   65.1   244.5     400    61      86  217   55  128    14
   2 1000_10000bs2048lr0.1d0.001e5                     :   584.7   57.3   386.0     600    64      63  347   78  175    13
   3 1100_11000bs2048lr0.1d0.001e5                     :   577.8   62.1   298.5     500    60     100  261   75  164    15
   4 900_9000bs2048lr0.1d0.001e5                       :   522.7   59.2   405.5     700    58     100  359   93  248    13
   5 800_8000bs2048lr0.1d0.001e4                       :   412.5   52.6   359.5     800    45      86  315   89  396    11
   6 700_7000bs2048lr0.1d0.001e4                       :   395.1   53.2   384.0     800    48     100  339   90  371    11
   7 500_5000bs2048lr0.1d0.001e4                       :   330.1   54.3   396.0     800    50      77  344  104  352    13
   8 600_6000bs2048lr0.1d0.001e4                       :   318.8   52.2   340.0     800    43      98  296   88  416    11
   9 450_4500bs2048lr0.1d0.001e4                       :   283.4   49.1   379.5     800    47      83  330   99  371    12
  10 400_4000bs2048lr0.1d0.001e4                       :   268.9   48.1   391.5     800    49      92  354   75  371     9
  11 300_3000bs2048lr0.1d0.001e4                       :   246.3   44.7   416.0     800    52      74  374   84  342    11
  12 350_3500bs2048lr0.1d0.001e5                       :   236.3   52.1   376.0     800    47      94  334   84  382    11
  13 250_2500bs2048lr0.1d0.001e4                       :   211.3   44.2   415.5     800    52      56  362  107  331    13
  14 from00000_150_1500bs2048lr0.1d0.001e3             :   208.9   45.7   331.5     600    55      80  297   69  234    12
  15 scr_dl_200_2000bs2048lr0.1d0.001e3                :   194.2   42.9   357.0     700    51     100  326   62  312     9
  16 newplane_from00000_100_1000bs2048lr0.1d0.001e3    :   121.4   42.2   214.5     500    43     100  178   73  249    15
  17 00000                                             :     0.0   ----   104.5     400    26     ---   86   37  277     9

White advantage = 0.72 +/- 4.41
Draw rate (equal opponents) = 12.34 % +/- 0.43

