
   # PLAYER                                            :  RATING  ERROR  POINTS  PLAYED   (%)  CFS(%)    W    D    L  D(%)
   1 Felix                                             :   712.1  261.9    14.5      16    91     100   13    3    0    19
   2 500_5000bs2048lr0.1d0.001e4                       :   333.2   58.5   241.5     408    59      98  216   51  141    13
   3 450_4500bs2048lr0.1d0.001e4                       :   294.0   49.4   275.5     508    54      91  243   65  200    13
   4 400_4000bs2048lr0.1d0.001e4                       :   269.2   46.0   314.5     600    52      88  283   63  254    11
   5 300_3000bs2048lr0.1d0.001e4                       :   247.5   42.3   416.0     800    52      84  374   84  342    11
   6 350_3500bs2048lr0.1d0.001e5                       :   231.7   49.5   331.0     700    47      86  298   66  336     9
   7 250_2500bs2048lr0.1d0.001e4                       :   212.1   41.2   415.5     800    52      59  362  107  331    13
   8 from00000_150_1500bs2048lr0.1d0.001e3             :   208.4   44.1   331.5     600    55      82  297   69  234    12
   9 scr_dl_200_2000bs2048lr0.1d0.001e3                :   193.8   41.0   357.0     700    51     100  326   62  312     9
  10 newplane_from00000_100_1000bs2048lr0.1d0.001e3    :   121.5   41.6   214.5     500    43     100  178   73  249    15
  11 00000                                             :     0.0   ----   104.5     400    26     ---   86   37  277     9

White advantage = 3.95 +/- 6.34
Draw rate (equal opponents) = 11.69 % +/- 0.51

