
   # PLAYER                                            :  RATING  ERROR  POINTS  PLAYED   (%)  CFS(%)    W    D    L  D(%)
   1 500_5000bs2048lr0.1d0.001e4                       :   333.7   52.8   241.0     400    60      97  216   50  134    13
   2 450_4500bs2048lr0.1d0.001e4                       :   293.6   50.5   274.5     500    55      89  243   63  194    13
   3 400_4000bs2048lr0.1d0.001e4                       :   269.2   47.2   314.5     600    52      89  283   63  254    11
   4 300_3000bs2048lr0.1d0.001e4                       :   247.5   44.3   416.0     800    52      82  374   84  342    11
   5 350_3500bs2048lr0.1d0.001e5                       :   231.7   48.9   331.0     700    47      89  298   66  336     9
   6 250_2500bs2048lr0.1d0.001e4                       :   212.1   39.8   415.5     800    52      58  362  107  331    13
   7 from00000_150_1500bs2048lr0.1d0.001e3             :   208.4   38.4   331.5     600    55      81  297   69  234    12
   8 scr_dl_200_2000bs2048lr0.1d0.001e3                :   193.8   43.1   357.0     700    51     100  326   62  312     9
   9 newplane_from00000_100_1000bs2048lr0.1d0.001e3    :   121.5   41.1   214.5     500    43     100  178   73  249    15
  10 00000                                             :     0.0   ----   104.5     400    26     ---   86   37  277     9

White advantage = 3.84 +/- 5.87
Draw rate (equal opponents) = 11.62 % +/- 0.60

