
   # PLAYER                                            :  RATING  ERROR  POINTS  PLAYED   (%)  CFS(%)    W    D    L  D(%)
   1 500_5000bs2048lr0.1d0.001e4                       :   326.0   50.9   288.5     500    58      61  258   61  181    12
   2 600_6000bs2048lr0.1d0.001e4                       :   319.9   57.5   223.0     400    56      95  197   52  151    13
   3 450_4500bs2048lr0.1d0.001e4                       :   284.7   47.4   314.0     600    52      82  276   76  248    13
   4 400_4000bs2048lr0.1d0.001e4                       :   269.4   48.8   359.5     700    51      91  323   73  304    10
   5 300_3000bs2048lr0.1d0.001e4                       :   246.0   44.9   416.0     800    52      74  374   84  342    11
   6 350_3500bs2048lr0.1d0.001e5                       :   236.1   46.3   376.0     800    47      94  334   84  382    11
   7 250_2500bs2048lr0.1d0.001e4                       :   211.5   36.2   415.5     800    52      56  362  107  331    13
   8 from00000_150_1500bs2048lr0.1d0.001e3             :   208.9   42.6   331.5     600    55      82  297   69  234    12
   9 scr_dl_200_2000bs2048lr0.1d0.001e3                :   194.2   37.4   357.0     700    51     100  326   62  312     9
  10 newplane_from00000_100_1000bs2048lr0.1d0.001e3    :   121.3   40.1   214.5     500    43     100  178   73  249    15
  11 00000                                             :     0.0   ----   104.5     400    26     ---   86   37  277     9

White advantage = 3.58 +/- 5.78
Draw rate (equal opponents) = 11.79 % +/- 0.52

