
   # PLAYER                                            :  RATING  ERROR  POINTS  PLAYED   (%)  CFS(%)    W    D    L  D(%)
   1 700_7000bs2048lr0.1d0.001e4                       :   398.2   59.9   254.5     400    64     100  233   43  124    11
   2 500_5000bs2048lr0.1d0.001e4                       :   331.8   55.2   334.0     600    56      80  298   72  230    12
   3 600_6000bs2048lr0.1d0.001e4                       :   314.9   55.7   258.0     500    52      95  224   68  208    14
   4 450_4500bs2048lr0.1d0.001e4                       :   283.4   55.2   347.0     700    50      81  302   90  308    13
   5 400_4000bs2048lr0.1d0.001e4                       :   269.0   49.1   391.5     800    49      89  354   75  371     9
   6 300_3000bs2048lr0.1d0.001e4                       :   246.5   50.9   416.0     800    52      75  374   84  342    11
   7 350_3500bs2048lr0.1d0.001e5                       :   236.0   49.5   376.0     800    47      94  334   84  382    11
   8 250_2500bs2048lr0.1d0.001e4                       :   211.3   44.9   415.5     800    52      56  362  107  331    13
   9 from00000_150_1500bs2048lr0.1d0.001e3             :   208.9   39.2   331.5     600    55      79  297   69  234    12
  10 scr_dl_200_2000bs2048lr0.1d0.001e3                :   194.2   43.9   357.0     700    51     100  326   62  312     9
  11 newplane_from00000_100_1000bs2048lr0.1d0.001e3    :   121.4   44.8   214.5     500    43     100  178   73  249    15
  12 00000                                             :     0.0   ----   104.5     400    26     ---   86   37  277     9

White advantage = 0.00 +/- 5.99
Draw rate (equal opponents) = 11.74 % +/- 0.49

