
   # PLAYER                                            :  RATING  ERROR  POINTS  PLAYED   (%)  CFS(%)    W    D    L  D(%)
   1 800_8000bs2048lr0.1d0.001e4                       :   417.9   49.0   246.5     400    62      71  224   45  131    11
   2 700_7000bs2048lr0.1d0.001e4                       :   407.3   48.2   308.0     500    62     100  280   56  164    11
   3 500_5000bs2048lr0.1d0.001e4                       :   327.2   44.7   366.0     700    52      76  323   86  291    12
   4 600_6000bs2048lr0.1d0.001e4                       :   315.6   40.4   293.5     600    49      96  255   77  268    13
   5 450_4500bs2048lr0.1d0.001e4                       :   284.7   42.3   379.5     800    47      83  330   99  371    12
   6 400_4000bs2048lr0.1d0.001e4                       :   269.7   43.8   391.5     800    49      90  354   75  371     9
   7 300_3000bs2048lr0.1d0.001e4                       :   246.2   40.9   416.0     800    52      75  374   84  342    11
   8 350_3500bs2048lr0.1d0.001e5                       :   235.8   39.7   376.0     800    47      90  334   84  382    11
   9 250_2500bs2048lr0.1d0.001e4                       :   211.5   39.7   415.5     800    52      57  362  107  331    13
  10 from00000_150_1500bs2048lr0.1d0.001e3             :   208.8   38.9   331.5     600    55      81  297   69  234    12
  11 scr_dl_200_2000bs2048lr0.1d0.001e3                :   194.2   37.0   357.0     700    51     100  326   62  312     9
  12 newplane_from00000_100_1000bs2048lr0.1d0.001e3    :   121.3   38.8   214.5     500    43     100  178   73  249    15
  13 00000                                             :     0.0   ----   104.5     400    26     ---   86   37  277     9

White advantage = 3.09 +/- 5.37
Draw rate (equal opponents) = 11.74 % +/- 0.52

