
   # PLAYER                                            :  RATING  ERROR  POINTS  PLAYED   (%)  CFS(%)    W    D    L  D(%)
   1 900_9000bs2048lr0.1d0.001e5                       :   520.7   61.9   283.0     400    71     100  257   52   91    13
   2 800_8000bs2048lr0.1d0.001e4                       :   406.5   54.4   275.0     500    55      57  244   62  194    12
   3 700_7000bs2048lr0.1d0.001e4                       :   402.6   56.0   340.0     600    57     100  306   68  226    11
   4 500_5000bs2048lr0.1d0.001e4                       :   329.9   50.7   396.0     800    50      83  344  104  352    13
   5 600_6000bs2048lr0.1d0.001e4                       :   316.6   53.2   320.0     700    46      98  279   82  339    12
   6 450_4500bs2048lr0.1d0.001e4                       :   283.4   50.5   379.5     800    47      80  330   99  371    12
   7 400_4000bs2048lr0.1d0.001e4                       :   269.5   57.2   391.5     800    49      93  354   75  371     9
   8 300_3000bs2048lr0.1d0.001e4                       :   246.3   47.8   416.0     800    52      73  374   84  342    11
   9 350_3500bs2048lr0.1d0.001e5                       :   236.0   50.1   376.0     800    47      93  334   84  382    11
  10 250_2500bs2048lr0.1d0.001e4                       :   211.4   45.9   415.5     800    52      56  362  107  331    13
  11 from00000_150_1500bs2048lr0.1d0.001e3             :   208.9   50.0   331.5     600    55      82  297   69  234    12
  12 scr_dl_200_2000bs2048lr0.1d0.001e3                :   194.2   44.3   357.0     700    51     100  326   62  312     9
  13 newplane_from00000_100_1000bs2048lr0.1d0.001e3    :   121.4   43.8   214.5     500    43     100  178   73  249    15
  14 00000                                             :     0.0   ----   104.5     400    26     ---   86   37  277     9

White advantage = 2.53 +/- 4.85
Draw rate (equal opponents) = 11.96 % +/- 0.42

